-6.000000000000000000e+00
-5.939698492462311741e+00
-5.879396984924623482e+00
-5.819095477386934334e+00
-5.758793969849246075e+00
-5.698492462311557816e+00
-5.638190954773869557e+00
-5.577889447236181297e+00
-5.517587939698492150e+00
-5.457286432160803891e+00
-5.396984924623115631e+00
-5.336683417085427372e+00
-5.276381909547739113e+00
-5.216080402010049966e+00
-5.155778894472361706e+00
-5.095477386934673447e+00
-5.035175879396985188e+00
-4.974874371859296929e+00
-4.914572864321607781e+00
-4.854271356783919522e+00
-4.793969849246231263e+00
-4.733668341708543004e+00
-4.673366834170854744e+00
-4.613065326633165597e+00
-4.552763819095477338e+00
-4.492462311557789079e+00
-4.432160804020100819e+00
-4.371859296482412560e+00
-4.311557788944723413e+00
-4.251256281407035154e+00
-4.190954773869346894e+00
-4.130653266331658635e+00
-4.070351758793970376e+00
-4.010050251256281229e+00
-3.949748743718592969e+00
-3.889447236180904710e+00
-3.829145728643216007e+00
-3.768844221105527748e+00
-3.708542713567839488e+00
-3.648241206030150785e+00
-3.587939698492462526e+00
-3.527638190954773822e+00
-3.467336683417085563e+00
-3.407035175879397304e+00
-3.346733668341708601e+00
-3.286432160804020342e+00
-3.226130653266331638e+00
-3.165829145728643379e+00
-3.105527638190954676e+00
-3.045226130653266416e+00
-2.984924623115578157e+00
-2.924623115577889454e+00
-2.864321608040201195e+00
-2.804020100502512491e+00
-2.743718592964824232e+00
-2.683417085427135973e+00
-2.623115577889447270e+00
-2.562814070351759010e+00
-2.502512562814070307e+00
-2.442211055276382048e+00
-2.381909547738693789e+00
-2.321608040201005085e+00
-2.261306532663316826e+00
-2.201005025125628123e+00
-2.140703517587939864e+00
-2.080402010050251604e+00
-2.020100502512562901e+00
-1.959798994974874198e+00
-1.899497487437185939e+00
-1.839195979899497679e+00
-1.778894472361809420e+00
-1.718592964824121161e+00
-1.658291457286432014e+00
-1.597989949748743754e+00
-1.537688442211055495e+00
-1.477386934673367236e+00
-1.417085427135678977e+00
-1.356783919597989829e+00
-1.296482412060301570e+00
-1.236180904522613311e+00
-1.175879396984925052e+00
-1.115577889447236792e+00
-1.055276381909547645e+00
-9.949748743718593857e-01
-9.346733668341711265e-01
-8.743718592964828673e-01
-8.140703517587946081e-01
-7.537688442211054607e-01
-6.934673366834172015e-01
-6.331658291457289423e-01
-5.728643216080406830e-01
-5.125628140703524238e-01
-4.522613065326632764e-01
-3.919597989949750172e-01
-3.316582914572867580e-01
-2.713567839195984988e-01
-2.110552763819093514e-01
-1.507537688442210921e-01
-9.045226130653283292e-02
-3.015075376884457370e-02
3.015075376884368552e-02
9.045226130653283292e-02
1.507537688442210921e-01
2.110552763819093514e-01
2.713567839195976106e-01
3.316582914572858698e-01
3.919597989949750172e-01
4.522613065326632764e-01
5.125628140703515356e-01
5.728643216080397949e-01
6.331658291457280541e-01
6.934673366834172015e-01
7.537688442211054607e-01
8.140703517587937199e-01
8.743718592964819791e-01
9.346733668341702383e-01
9.949748743718593857e-01
1.055276381909547645e+00
1.115577889447235904e+00
1.175879396984924163e+00
1.236180904522612423e+00
1.296482412060301570e+00
1.356783919597989829e+00
1.417085427135678088e+00
1.477386934673366348e+00
1.537688442211054607e+00
1.597989949748743754e+00
1.658291457286432014e+00
1.718592964824120273e+00
1.778894472361808532e+00
1.839195979899496791e+00
1.899497487437185939e+00
1.959798994974874198e+00
2.020100502512562457e+00
2.080402010050251604e+00
2.140703517587938975e+00
2.201005025125628123e+00
2.261306532663315494e+00
2.321608040201004641e+00
2.381909547738693789e+00
2.442211055276381160e+00
2.502512562814070307e+00
2.562814070351757678e+00
2.623115577889446826e+00
2.683417085427135973e+00
2.743718592964823344e+00
2.804020100502512491e+00
2.864321608040199862e+00
2.924623115577889010e+00
2.984924623115578157e+00
3.045226130653265528e+00
3.105527638190954676e+00
3.165829145728642047e+00
3.226130653266331194e+00
3.286432160804020342e+00
3.346733668341707713e+00
3.407035175879396860e+00
3.467336683417084231e+00
3.527638190954773378e+00
3.587939698492462526e+00
3.648241206030149897e+00
3.708542713567839044e+00
3.768844221105526415e+00
3.829145728643215563e+00
3.889447236180904710e+00
3.949748743718592081e+00
4.010050251256281229e+00
4.070351758793968600e+00
4.130653266331657747e+00
4.190954773869346894e+00
4.251256281407034265e+00
4.311557788944723413e+00
4.371859296482410784e+00
4.432160804020099931e+00
4.492462311557789079e+00
4.552763819095476450e+00
4.613065326633165597e+00
4.673366834170852968e+00
4.733668341708542115e+00
4.793969849246231263e+00
4.854271356783918634e+00
4.914572864321607781e+00
4.974874371859295152e+00
5.035175879396984300e+00
5.095477386934673447e+00
5.155778894472360818e+00
5.216080402010049966e+00
5.276381909547737337e+00
5.336683417085426484e+00
5.396984924623115631e+00
5.457286432160803002e+00
5.517587939698492150e+00
5.577889447236181297e+00
5.638190954773868668e+00
5.698492462311557816e+00
5.758793969849245187e+00
5.819095477386934334e+00
5.879396984924623482e+00
5.939698492462310853e+00
6.000000000000000000e+00
